[IMG_20180305_234458451_HDR.jpg]
filters=autolight=1;finetune2=1,0.000000,0.000000,0.033684,00000000,0.000000;
moddate=612adb73b0b4d301
width=4608
height=3456
textactive=0
